1
1924
503
1142
1738
2461
82
1126
1397
1685
2466
1689
1346
1668
1970
2253
334
728
344
1300
2110
522
139
2003
547
1245
1606
691
1302
944
1873
1892
437
1421
506
1448
1220
774
125
1353
1351
1385
1870
1611
108
2458
1359
827
2266
609
737
1387
607
1413
1152
1778
675
579
287
587
2099
1233
1733
1524
1747
343
1508
946
277
306
1672
2380
2074
2392
702
288
687
206
2444
963
1565
2303
1218
800
34
2486
438
1365
695
1404
1295
2211
1073
2324
1779
838
2286
1223
2404
1820
1763
413
1320
2463
791
1714
2024
58
1659
799
988
1713
492
650
1901
388
2350
2450
777
888
1750
1735
386
2033
1639
1881
1512
2241
1909
1239
2
1487
1289
2410
2050
1981
1903
2327
1935
2288
690
1840
2115
719
1008
2089
956
35
237
1042
849
2465
1887
1676
1326
1781
31
1811
636
1687
2226
1938
1803
357
1748
2178
1298
2062
118
1783
712
1440
1889
1288
623
1730
316
632
2189
1363
906
2412
1328
163
1975
980
1154
1905
488
1405
678
2162
1579
17
1826
1736
2128
450
2239
10
1325
987
2100
2251
8
261
1307
2016
1086
96
1532
1227
2080
1171
903
1574
1669
785
1255
2196
1902
1261
1842
2262
2217
1109
1494
2460
291
2304
2209
1876
1114
2348
789
41
1863
568
591
227
1331
2173
937
2277
348
2356
90
121
1117
745
2114
2257
1928
1829
2498
37
754
1423
960
2431
256
1286
768
667
1545
1079
1267
1809
173
2438
780
1020
1280
84
497
716
2497
1112
1992
786
2454
684
1084
65
526
2142
467
873
555
811
2172
660
239
188
1743
1415
2126
345
895
1754
6
2337
1090
56
2443
1578
321
205
913
1269
1195
820
1164
2171
192
1468
1222
1253
216
398
884
317
1626
1287
1717
1641
394
459
1838
2393
1568
1633
411
1098
1143
885
1692
461
300
210
595
1661
682
1662
1596
1920
916
2261
2442
765
490
907
435
1850
1959
598
2002
2256
1035
2005
368
853
72
1495
832
2156
1758
1113
2314
2067
314
1979
1148
700
758
1898
1985
441
2287
1214
619
1045
1877
1818
1600
1800
701
673
808
2040
1467
847
1398
647
351
1654
523
1379
2323
1590
387
1146
2143
1561
281
305
815
2035
1536
2249
2123
341
959
2469
1279
735
2269
1318
1435
1962
1447
1196
259
908
182
264
1509
896
491
524
1947
1388
1266
1656
1488
806
372
1085
2376
1609
2252
1732
311
312
875
310
2132
2101
1958
925
469
1339
600
1391
2291
2108
1484
2154
2411
1830
1766
1321
1710
212
405
2301
714
2190
302
1652
2065
2023
1407
1822
2347
2334
453
43
1899
2476
1845
442
1548
47
1157
613
797
1070
2448
233
672
26
1742
1411
2163
1658
1095
422
1698
1345
2321
2440
997
308
1969
1634
2020
1452
2025
874
1721
564
1123
1503
381
557
1699
2293
2451
1894
1080
458
1857
1097
1912
487
1188
301
778
550
144
1166
2341
499
1701
2420
2339
2388
1961
926
627
2061
207
851
403
1520
869
1216
2354
1556
1125
2119
412
2206
930
616
2306
1797
1963
542
25
1451
2418
2264
1772
872
1356
55
1628
1851
1063
270
1990
970
1212
1103
866
641
1879
1234
1096
525
850
669
1916
78
943
1917
1122
1810
324
1525
1991
717
2459
2416
2441
1110
918
380
1843
2136
878
715
191
134
1130
1376
1163
2181
2331
1762
1674
1954
93
2384
272
1683
2086
710
999
1649
68
648
1839
825
2296
2319
439
59
1247
1883
951
509
1515
603
2134
841
2045
989
1192
563
331
718
677
1761
2494
1217
2329
1340
2408
706
544
2369
1442
1629
234
973
1118
2066
363
2346
2483
1974
2419
2223
642
1299
1091
1177
299
1408
2413
2192
1918
592
50
1581
1108
1631
890
1993
1575
229
2426
399
235
2133
893
689
2124
426
254
2213
659
1677
773
27
109
429
741
2042
1455
1002
612
2059
2246
559
1501
14
796
856
145
1720
1028
2433
1083
1638
990
880
2247
1210
2455
1336
1836
485
814
1709
2280
2425
23
1309
947
1554
3
1563
1230
1664
1734
1366
1491
2224
1367
962
757
280
164
1324
1861
1480
527
2182
83
1213
2056
502
2222
1786
1428
1059
476
1308
1438
957
1087
730
1100
11
545
194
759
2310
1249
432
1293
2030
2007
1885
1848
824
1040
2137
1498
640
2421
1284
1023
94
1817
2367
225
914
1047
2297
1939
1637
601
2183
2109
2055
764
445
1486
1088
1115
1137
1813
61
283
470
2229
1465
140
2332
1357
18
708
1462
180
889
347
2484
2069
1559
1131
1334
1497
940
1774
2325
471
1678
1601
1670
2260
2112
13
1260
1971
1025
89
29
876
1722
1642
1165
1980
2415
2129
1880
1914
1201
1751
920
1904
848
1832
1057
2214
2200
1602
1054
1855
155
1804
424
589
1702
871
1997
2044
150
561
1369
652
1934
596
1531
174
2106
1764
1439
364
979
2159
2370
2215
1374
1704
662
835
1572
1614
1297
2366
77
1138
931
1481
2164
252
892
338
2166
515
518
1021
2038
1194
670
2096
319
2387
309
1159
2012
972
2116
444
1973
2227
732
2041
1268
1003
2076
546
1724
1598
1775
20
2394
2490
2225
2452
1552
2198
295
1594
2265
1613
92
1426
736
115
2358
241
1257
1187
2473
389
697
1513
1505
2424
1354
801
454
236
1995
420
265
494
2022
203
1281
39
86
129
882
2049
1604
384
423
567
1950
1371
588
1919
2292
2075
2271
2017
131
1996
1347
1913
2492
1477
1338
440
924
482
620
784
2283
1183
328
2218
2472
2453
1802
1932
1037
2179
1841
891
693
1834
1256
1521
2254
1972
1145
577
365
226
1167
1942
645
1013
936
744
1121
1911
1360
2279
1787
909
1897
481
87
723
1630
2361
132
1306
355
1350
1258
1358
837
772
1341
571
232
817
1065
1012
371
1665
2417
1951
1812
1052
551
2057
594
307
1534
1821
179
1547
1151
995
1927
2139
1823
186
19
753
1153
776
80
664
204
2485
599
452
746
162
493
2078
733
149
217
1394
1051
1036
2186
273
671
1026
1719
1806
1101
1370
1243
624
520
1235
2233
2237
2018
1663
812
722
1549
1390
2094
1542
1526
839
81
1437
436
807
771
245
581
1544
2000
1994
548
955
2365
2500
1523
2240
2236
2390
2148
474
535
983
2357
843
243
1349
2103
1771
2391
1202
2491
2353
464
211
834
362
1226
585
119
810
1923
2362
451
483
1034
76
2496
953
2235
473
977
1193
498
1893
877
1237
1798
2338
1048
1056
1463
166
2113
2495
67
618
974
1648
1246
604
2210
15
1739
2205
349
1582
1316
146
887
769
1852
2340
1760
867
1342
610
2434
414
644
1259
750
643
202
2309
24
991
2383
1150
605
1082
1111
2470
1780
2255
1608
1476
1570
2437
2481
1173
1562
967
1384
606
900
260
949
1618
537
541
2298
2245
1671
2284
1756
1791
1967
2068
1175
456
1615
1506
1198
74
2140
2308
813
1694
1865
831
1069
512
455
1074
2176
1168
1329
335
809
246
767
415
1393
1399
859
1872
1675
941
1291
1330
756
1190
1076
370
556
1560
223
1053
1907
634
1587
197
2043
1543
489
705
1060
580
1182
1141
1232
2034
373
2118
2105
1653
1906
1133
352
2175
2270
2328
2091
1891
1352
401
266
952
1978
1375
258
2333
1033
2039
1862
2219
2234
1236
130
2141
2474
2385
284
208
1785
113
694
1580
1105
2318
1128
1926
2111
653
449
218
1041
99
220
611
2095
1310
342
1493
597
2125
2084
1200
214
1043
410
2405
1569
1378
1443
1697
766
923
622
377
2147
1469
770
1679
178
915
942
400
1610
917
1409
189
244
366
628
2471
1533
2029
1753
434
821
2090
1564
1333
1209
1878
927
2193
1176
45
2004
582
513
804
478
1019
2427
549
726
2167
496
378
751
1319
2220
1420
2456
1489
248
407
1104
1755
666
1617
2013
898
124
253
2290
391
711
783
578
2001
2097
2445
1457
330
157
631
286
590
1446
657
320
816
397
2373
638
1824
2051
2158
57
2330
1746
2048
1186
910
2414
1794
969
1691
12
1181
1612
2396
448
1680
1527
1231
303
2011
1436
1646
2335
2014
2006
558
1650
755
661
840
425
337
699
2311
1644
2015
521
2102
1900
375
1471
1623
932
934
1282
992
2107
602
2152
9
46
1769
2165
105
2315
2363
116
2368
268
2144
1238
679
665
1983
1690
2399
2446
2032
479
1706
731
939
460
1765
183
1946
1871
984
539
2054
818
62
1303
586
1362
805
782
201
433
1796
1705
1414
1948
2104
465
1419
1933
1461
1884
1875
1081
1517
1616
1453
1651
1478
1049
1038
457
1265
1418
2395
1270
1632
1032
2149
1160
639
854
1801
4
128
1943
2036
5
2037
1479
156
185
1667
1139
215
1464
2185
2180
1006
823
326
1322
826
1460
70
187
100
2364
1068
181
2464
1776
404
2359
2386
1197
171
1009
2063
1251
1588
2477
2344
836
1380
196
1567
1731
2439
626
1017
1425
968
1749
2070
402
1205
1546
985
1499
901
1093
1729
289
1402
1071
1624
2285
1396
1788
1174
1555
1046
126
2199
376
1695
53
1956
1007
276
562
986
274
574
1859
2435
1767
1814
1221
1955
1768
1856
519
199
1504
198
177
346
1189
315
1666
2360
1000
1335
1529
948
33
899
1976
1837
2475
1383
863
2263
382
2188
2130
1989
1275
71
1368
2432
625
576
367
1530
165
169
1825
1815
2305
844
361
16
1831
1055
583
151
1312
1550
104
1595
2073
393
2250
1064
1332
912
1890
2204
112
1715
1283
120
292
1576
2027
1482
430
91
508
2194
2232
1949
1470
1263
950
271
2407
1211
2402
1599
656
921
2138
184
443
1444
1107
2398
1229
1982
1179
1514
2079
1789
313
1790
322
2197
2374
1516
904
323
685
327
1156
1304
566
2008
553
1208
1170
1718
1740
1102
1406
569
795
1535
1149
1647
138
707
1726
822
2231
1344
2371
857
142
2248
676
2010
864
938
2228
1860
668
704
1372
263
298
2157
608
1327
514
1429
2155
2019
1553
720
294
127
153
416
1127
2317
69
1700
1874
1558
1511
1204
418
2081
2478
1400
1116
2430
1094
2276
408
516
2352
1605
2243
724
1864
101
2336
2274
170
54
1276
1011
2202
1225
2026
1004
1673
1030
1058
1592
651
98
1799
500
738
637
2268
743
788
729
1001
1315
40
2468
1627
1541
73
961
1433
176
994
1957
2028
379
2273
1029
2349
431
530
945
1727
1119
763
2047
2161
1348
531
1941
2326
1427
1944
1925
64
1169
2406
2046
1389
1277
1827
565
1703
540
2077
240
1129
2322
463
621
1296
902
1597
2351
633
2487
32
1134
369
1988
752
1172
517
1964
168
1274
1456
2462
739
897
554
1290
2480
1450
1586
354
1434
1361
2170
462
1622
1092
1067
781
137
1492
152
1999
528
1072
213
1858
2278
2423
1158
803
1292
1474
2117
978
1031
1062
2088
703
779
1741
1557
1635
965
905
505
933
1868
975
1540
1311
374
2216
446
1744
106
1940
1752
727
1977
2053
2422
1828
51
1725
1537
2191
1241
846
238
1445
88
293
2447
417
7
21
22
28
30
36
2184
1215
2403
1262
1248
38
790
1844
1377
42
44
48
1106
49
52
793
1066
749
249
60
1203
1603
63
230
103
66
75
573
79
85
95
97
102
1645
107
629
110
111
114
117
122
123
133
135
136
993
141
143
147
148
154
1271
1240
1915
2409
688
158
495
159
160
161
329
1607
167
172
1936
175
190
193
1305
221
195
1010
200
209
1910
1987
219
222
224
228
231
242
247
250
269
1737
251
255
257
262
267
1459
275
1712
278
279
282
285
290
1155
296
297
304
318
325
332
2187
1591
1018
333
336
339
340
350
353
356
358
359
775
360
383
2145
385
1254
390
392
395
396
406
409
419
421
870
1522
2489
1518
480
427
428
447
466
468
472
2382
475
477
2342
2493
1078
2258
1496
484
486
501
1027
504
507
510
511
529
532
533
534
536
538
543
2302
1945
552
560
570
572
575
584
593
614
615
1551
617
630
1584
635
1867
646
1895
649
2482
1507
971
1483
654
655
658
663
674
680
1314
681
683
686
692
696
1132
879
698
709
713
721
725
734
740
742
2160
747
748
760
761
762
787
792
794
1466
798
1191
2378
1869
802
819
1061
883
828
2195
829
830
833
842
1490
845
1417
852
855
858
1412
860
861
862
1793
2083
865
868
881
2122
886
894
911
919
922
928
929
935
2203
954
958
964
1207
966
976
981
982
996
998
1005
1014
1015
1016
1022
1024
1039
1044
1050
1777
1075
1077
1089
1099
2064
1120
1835
2355
1124
1135
1136
1140
1144
1147
2201
1161
1162
1178
1180
1184
2242
1185
1199
1206
1219
1224
1228
1449
1242
1643
1244
1250
1252
1264
1272
1273
1278
1285
1294
1301
1313
1317
1323
1392
1337
1343
1355
1364
1373
1381
2174
1382
1386
1395
2457
1401
1403
1410
1416
1422
1424
2169
1968
1723
2150
2031
2345
1430
1431
1432
1441
1454
1458
1472
1473
1475
1485
1500
1502
1510
1519
1528
1538
1539
1566
2177
1571
1573
1577
1583
1585
1589
1593
1619
1620
1621
1625
1636
1640
1655
1657
1660
1681
1682
1684
1686
1688
1693
1696
1707
1708
1711
1716
1728
1745
1757
1759
1770
1773
1782
1784
1792
1795
1805
1807
1808
1816
1819
2267
1833
1846
1847
1849
1908
1853
1854
1866
1882
1886
1888
1896
2300
1921
1922
1929
1930
1931
2092
1937
1952
2272
1953
1960
1965
1966
1984
1986
1998
2085
2009
2021
2052
2058
2060
2071
2072
2082
2087
2093
2098
2120
2121
2127
2131
2135
2146
2151
2153
2168
2207
2208
2212
2221
2230
2238
2244
2259
2275
2281
2282
2289
2294
2295
2299
2307
2312
2313
2316
2320
2343
2372
2375
2377
2379
2381
2389
2397
2400
2401
2428
2429
2436
2449
2467
2479
2488
2499
NO
